,ABBN.SW,ABI.BR,ADS.DE,ADYEN.AS,AI.PA,AIR.PA,ALV.DE,ASML.AS,AZN.L,BAS.DE,BATS.L,BAYN.DE,BHP.L,BNP.PA,BP.L,CS.PA,DG.PA,DGE.L,DTE.DE,ENEL.MI,GSK.L,HSBA.L,IBE.MC,ISP.MI,KER.PA,LIN.DE,LOR.F,MBG.DE,MOH.F,NESN.SW,NG.L,NOVN.SW,NOVO-B.CO,PRU.L,PRX.AS,REL.L,RIO.L,RKT.L,ROG.SW,SAF.PA,SAN.PA,SAP.DE,SHEL.L,SIE.DE,SU.PA,TTE.PA,UBSG.SW,ULVR.L,VOD.L,ZURN.SW
ABBN.SW,1.0,0.8776172145134635,1.101793274831084,1.5187940266712348,0.8763502742298591,1.158384475706346,0.8026156882972465,1.0991533832536222,1.7719878731727172,0.7678980987715973,0.37249383614015474,0.6910591549297539,0.6395084612410816,0.9069940565231336,0.6137773489014734,0.7908503715674596,0.8152839980793769,0.8156588190139075,0.9544150962413243,0.7352218651911077,0.9159684764425349,1.0858646279335786,0.6845933600370141,0.9735851219119226,1.1615016568838006,1.0306102293379427,1.2944639247976744,0.7042506088131232,0.9720991058631,0.5933370804759391,0.32847991328228604,0.6524372345785509,1.4688118730767608,0.9014106097272094,1.2668910683568506,0.8170598609108054,0.6456629299250902,1.2916419153914263,0.7269405283849968,1.0777874745759004,0.8231343789792633,1.1972682006936801,0.5347087155973967,0.9988266513931916,1.0970500509542669,0.5298547581247206,0.9072762391696052,0.4953494008442526,0.3383382172131239,0.6474081272004422
ABI.BR,0.8776172145134635,1.0,1.1666658977179714,2.5545573102691126,1.0566014906671493,1.0670494216290352,0.9657707247125364,1.3716355778418603,2.0948987336184923,1.019375801530479,1.0623354388414423,0.9164352110349399,0.3758192551703316,0.9219759083719153,0.40031404273782123,0.8452877946220709,0.9274160296356923,1.0365740833762533,0.8499367881876121,0.998162691562538,1.1937983753180184,1.2945256707514055,0.8472275459548387,1.142822464226765,1.10828328346884,1.1654606723290468,1.1301537584340362,0.9035765759036934,1.1110376456638,1.0652301453130384,1.173037404808566,0.6921344639643487,2.0716403582572642,1.0538688241902407,1.2344566694310979,0.8678972553298109,0.4678329386771672,2.768983497736853,0.6028213421778719,1.0835220574225204,1.1220528006275734,1.346621047254196,0.17474928811893442,1.069410655418709,1.0746680367212647,0.5498346131448922,0.9778350810339324,1.124257188991127,0.6959812880748677,0.7630082844421937
ADS.DE,1.101793274831084,1.1666658977179714,1.0,1.649827474552222,1.161483720297169,1.2002808688428195,1.2794945259693384,1.2339093452900423,1.8636575515472045,1.6136593264858756,1.0635095951446232,0.9401530938761288,0.4940535262698694,1.3847960631312606,0.8038889408432127,1.3851318618148167,1.1896821036977636,1.0565212485625044,1.1491971420324156,1.1588624667218554,1.009370524548578,1.447490856578593,0.8782900744993779,1.5782656762251595,1.2437719730484582,1.297109641874146,1.21193905962075,1.2689615600322262,1.2020504128690745,0.8904972800978905,0.4600654017055121,0.7311209472899762,1.0845616943264311,1.2728748652829747,1.8195367431197214,0.6378680629948592,0.6382066384387701,2.448595873180643,0.26675413871023274,1.215327685966016,1.0220795927071449,1.3105249807669483,0.4911326917031087,1.2910619223210553,1.2483847292658252,0.9605748565272534,1.307368941033185,0.8456533116038963,0.6131846583008215,0.932213770431031
ADYEN.AS,1.5187940266712348,2.5545573102691126,1.649827474552222,1.0,1.447443745479281,2.0036516411807264,1.786926572393194,1.2887314800766942,1.8024570012686185,3.498276640878787,1.5281187966387535,1.6092200746783276,0.7930436036472787,2.8337625143464957,9.047434742455044,1.7991792411915957,2.096077260859437,2.3230192460927395,1.8689183759841548,1.391831735858192,1.211763388146214,26.549188710846366,1.28351713928371,1.9819706216616033,2.099852196603707,1.7404761559942385,1.8633902101509983,2.6327044869691676,1.8044770238665488,0.9729278796758202,0.7452698530403306,0.5832224445871023,0.8599172037370599,2.142871530883617,1.1777324752210425,2.169434716187098,0.9878520450849443,1.4786662682774248,0.9463846516646921,2.269921840099671,0.5088293701445945,1.2770157528337647,3.7214977910031166,1.7706902780754612,1.5664671504690033,2.430483563300987,2.072967133426276,0.9391634003119115,1.2314875200738764,1.192936059415847
AI.PA,0.8763502742298591,1.0566014906671493,1.161483720297169,1.447443745479281,1.0,1.2392964437374596,0.820636334862839,1.0493047557191337,1.4400270976420702,0.8388083919095419,0.946713085738839,1.0159215066941067,0.6073250213610907,0.8779906208488909,0.5954676246697682,0.8941617948376895,0.8690622903593658,1.255218726149468,0.861759680816514,0.7689925278378601,1.0726473654918167,1.1411703902074295,0.5141229655324339,0.9636591549730115,1.270089417102791,1.071267793265173,0.9766915488640305,0.7607444997968266,1.0517687589424765,0.9125164574613809,1.006015705170527,0.605976147007394,1.1290780416684925,1.0553003218501915,0.9459455891435035,1.0590881778008676,0.8309944211078293,0.9885367237608108,0.7489294422324322,1.2453630447344683,0.7594238751581829,0.9618319308224965,0.38516778328363366,0.9349779908638227,0.9431893244998953,0.6619788493608733,0.9086902406024848,0.4797976377514201,0.7032305223015595,0.6610684575941368
AIR.PA,1.158384475706346,1.0670494216290352,1.2002808688428195,2.0036516411807264,1.2392964437374596,1.0,1.1885045045659246,1.4853688407087593,3.0283636239392333,1.2744368925943097,1.041179233150406,0.9922245053846447,0.5266319663661233,1.0418546712267527,0.6283603233656166,1.2160807565079723,1.0583064047567148,0.9040516708545295,1.2423063733744493,1.4380198368125905,1.3138483490124202,1.4282701576208072,1.239708153127096,1.3182483676550876,1.1690642251032854,1.2864700664206565,1.6462332067896623,1.195404221108022,1.2414994095928746,1.2937975276558578,0.5875592479253565,0.9782052495887924,1.575934421156793,1.0635078329744394,1.9043708102286676,0.8448842236867445,0.7119939800735203,-31.92251052349816,0.8137694991241176,1.035761615737621,1.7256681201117288,1.6433417103737333,0.5961057508951904,1.352501119507672,1.3186978592838972,0.9675645204210213,1.332084643300504,1.7620996335820251,0.6843026218344361,0.9072776087702955
ALV.DE,0.8026156882972465,0.9657707247125364,1.2794945259693384,1.786926572393194,0.820636334862839,1.1885045045659246,1.0,1.2035352874879135,1.822866927437295,1.001339247706376,0.9168793558209398,0.6371298431679364,0.3287186363828133,0.928192685688513,0.534161164627425,0.9826085551061077,0.9849006836096049,0.8671672833217146,0.9916450539447789,0.9450025930174429,1.1831406298925693,1.1066148723809175,0.8511376128813786,1.128118724256546,0.9735120162810641,0.9089589052213002,1.1351197613564232,0.8382900870782168,0.9586905903075489,1.2056619330984715,0.6313776929630166,0.860499412290891,1.7312637340531516,0.8767959131654302,1.4728221559710235,0.5039483768755784,0.4553285832015985,2.4866395830579267,0.2138752520195965,0.9853482277629105,1.3523719672688435,1.1065993309540254,0.32092728676686766,0.9791634362383174,0.9713673791716964,0.7162835751052494,0.9967604248332751,0.852301992045428,0.6904085238332774,0.8102295179668351
ASML.AS,1.0991533832536222,1.3716355778418603,1.2339093452900423,1.2887314800766942,1.0493047557191337,1.4853688407087593,1.2035352874879135,1.0,1.4030914437373327,1.1945188295309435,1.1170999858280892,0.8202667032075014,0.8910843277912924,1.4783822200273125,0.8912514828598808,1.1967989156977794,1.0568342377418918,1.1790457302518493,1.1835049925727734,1.104265690805296,0.9934170937994182,1.7179909962077222,1.0822120808703728,1.6028992587702668,1.4075300969938829,1.2745073853875464,1.5278961629459875,1.2000107041118044,1.1403658398494698,1.2675164803418189,0.9522513530885784,0.4405587397013844,0.9783842151485302,1.435002228603799,1.214053053394883,1.178880555794362,0.7335077309610822,3.8141410350678333,0.5494345810358782,1.4708425552354631,0.5047052246615198,1.3405606700553927,0.7769081485620138,1.2559447797441325,1.214503913212636,0.8436358471795183,1.290537811680029,0.40972953254297406,0.8810767357654268,0.8740125094972678
AZN.L,1.7719878731727172,2.0948987336184923,1.8636575515472045,1.8024570012686185,1.4400270976420702,3.0283636239392333,1.822866927437295,1.4030914437373327,1.0,1.9560933548335355,1.0028605917414022,1.6134819244836471,1.3702512064926076,4.159275118015818,2.098813701467945,1.562453454204586,1.2429346845436335,1.4382916080522483,1.3810174089360856,0.9964545704537429,1.1147670582688098,2.9359986161787126,1.144323371304973,2.5440628997240995,1.9911131369451112,1.4289292787909316,0.8501921523972044,1.3078695453266775,1.3874330336215261,1.037534900647118,1.197126108030847,1.0492949686014887,0.943841597177155,2.014450434758899,0.572832743043244,1.0630731157955697,1.7752470929280384,0.5488110133724384,1.1266187408671633,2.271199571311562,0.9846083466338151,1.2012669350520857,1.6351859010200043,1.6657826350421285,1.3241283510070865,1.6668098362232373,1.9273112359478055,0.31734399691242676,0.9140462228336156,1.564969859788103
BAS.DE,0.7678980987715973,1.019375801530479,1.6136593264858756,3.498276640878787,0.8388083919095419,1.2744368925943097,1.001339247706376,1.1945188295309435,1.9560933548335355,1.0,0.8881194228666469,0.7946470633664267,0.03837246763487971,1.1078936926406,0.4144338791451209,1.19588446027549,1.159149247722451,0.8098280254963666,1.1553511390674238,1.097832500730732,0.9709603791289327,1.1471957993051567,0.8928848314279283,1.2564012065820138,1.174243051939002,0.8006693164845889,1.3298189133585205,0.9715564956028094,1.2521599657159657,0.9846117105154333,0.34826404285723594,0.5916442157556302,1.0638793980465358,1.0441001254710691,1.9279702129062903,0.5533965308788426,0.20699494138888627,5.124944994968155,0.17120673752266716,1.3294798294256323,0.8600871376978503,0.9440381707958045,0.17800737779639086,1.097995145171635,1.0170887754695779,0.6984070790603983,1.0185086040596443,1.074859762848541,0.701270880654492,0.8503771480664171
BATS.L,0.37249383614015474,1.0623354388414423,1.0635095951446232,1.5281187966387535,0.946713085738839,1.041179233150406,0.9168793558209398,1.1170999858280892,1.0028605917414022,0.8881194228666469,1.0,0.7226069853367528,0.513924546530593,0.6117408280307519,0.9059191152909916,0.7438560717999922,0.8923424153543894,0.8431364388509489,1.077047235091562,0.8552133725121316,1.0657036960045896,1.627086749000531,0.5648058413304368,1.0943403834727135,1.0333143269697254,0.7725394469283726,0.43243689726459716,0.9891868330132787,1.2817904873616541,0.8343573445949858,0.8283911568460683,0.6197033520139263,-0.27962289368878074,0.9011598089597868,0.9659192022100795,0.728802018682077,0.8478399755913283,0.8635998749237607,0.5202606335907032,0.8659923235668195,0.8170268566280283,0.5597542587078936,0.6500366208301604,0.7647836209753873,0.3964483299600271,1.0753265266250043,0.9757697896283415,0.5685058650159152,0.9374769363097549,0.7912994319425994
BAYN.DE,0.6910591549297539,0.9164352110349399,0.9401530938761288,1.6092200746783276,1.0159215066941067,0.9922245053846447,0.6371298431679364,0.8202667032075014,1.6134819244836471,0.7946470633664267,0.7226069853367528,1.0,0.2693563216208542,0.7542504347501103,0.4472731096843493,0.8951140830081975,0.6644130496042429,0.664014648082391,0.9146151921334195,0.4905183758815273,1.0131293983501795,1.0384569250271893,0.2912481988326501,0.8475053143939485,0.8094619468211949,0.7419565910778552,0.8158412324473218,0.39615875514839605,0.9394004128289302,0.7520051727106175,0.5229249256646866,0.8767880706913452,1.308768049780389,0.6611440477503664,1.1849623958711029,0.643025630425806,0.4063956959063937,0.4237022022887361,1.285933989190804,0.9342505543724409,0.8883503792986244,1.048197271951529,0.22601974179605247,0.8077086406416712,0.7719632247370595,0.5761160805943774,0.9181068196924418,0.46099393397672705,0.6112355868465699,0.7893757396584523
BHP.L,0.6395084612410816,0.3758192551703316,0.4940535262698694,0.7930436036472787,0.6073250213610907,0.5266319663661233,0.3287186363828133,0.8910843277912924,1.3702512064926076,0.03837246763487971,0.513924546530593,0.2693563216208542,1.0,0.10660642601967828,0.8178137858009751,0.21708210563708477,-0.0031812890249681963,0.48349033671568514,0.45510719764236907,0.21095143723208074,0.9369196669134038,0.5977434871292144,0.24619307433135892,0.1650512205821049,0.5592616641929494,0.5982963547631516,0.5273327603152517,0.05915739956557699,0.42067533505111465,0.311613961513339,0.6404773584878999,0.43049029024288826,1.6054242828444762,0.7596165584406449,0.7542500317222924,0.6596841998854229,0.9958149970932386,-0.21546311573347027,0.7042639371651953,0.3901258120410076,0.6706480329050057,0.5125742078606643,0.8636390731520107,0.36973971474891026,0.4515684644212358,0.6645821890219639,0.4377767640341394,-0.318968383594615,0.3668868045804089,0.4387324552149931
BNP.PA,0.9069940565231336,0.9219759083719153,1.3847960631312606,2.8337625143464957,0.8779906208488909,1.0418546712267527,0.928192685688513,1.4783822200273125,4.159275118015818,1.1078936926406,0.6117408280307519,0.7542504347501103,0.10660642601967828,1.0,0.4694083238075183,1.1015592474829403,1.0815014475717917,0.8536626024277346,1.1343628257204241,1.1553300376537134,1.1912533223550532,1.037373726753399,0.6357651707928962,1.2448149967531619,1.0887403373355697,0.9309213936669878,1.209893510042194,0.9052628662223781,0.963857308078655,1.2521025680603288,0.12426628791395487,0.7637434149582782,-22.728303350914487,0.9560754376716167,2.4382459178156553,0.5726175665513166,0.24945332669105422,-414.23019615505734,0.21549747862860047,1.0325546010762485,1.481633221067079,1.2750658591463688,0.18782950998911196,1.106223903600587,1.1056483028939055,0.6488545992848408,0.9651333217196231,1.3303813398362314,0.6824103539494137,0.6647288586176205
BP.L,0.6137773489014734,0.40031404273782123,0.8038889408432127,9.047434742455044,0.5954676246697682,0.6283603233656166,0.534161164627425,0.8912514828598808,2.098813701467945,0.4144338791451209,0.9059191152909916,0.4472731096843493,0.8178137858009751,0.4694083238075183,1.0,0.4914952954280908,0.39975633128364896,0.46183582981218174,0.7501226013603106,0.6005359860500644,1.3336974045983898,0.8802073626762958,0.6147957855794366,0.4890694929004924,0.6167274923413625,0.5667539895598468,0.3385509680617757,0.5326056935101126,0.3949355173694879,0.3776445980209156,0.9217608494179169,0.9886276881897791,0.07886748742303677,0.5922280680832891,0.6928754000151788,0.34653386841142275,0.9319632951580116,-0.3201349847018723,0.5257106532934799,0.5042849206683424,1.3667803129021536,0.8699539575715858,0.9371015754511554,0.4306723105687846,0.5165201927482894,0.9078093768511534,0.7482160058762314,-0.020809923560411305,0.448101322791814,0.5683278328984143
CS.PA,0.7908503715674596,0.8452877946220709,1.3851318618148167,1.7991792411915957,0.8941617948376895,1.2160807565079723,0.9826085551061077,1.1967989156977794,1.562453454204586,1.19588446027549,0.7438560717999922,0.8951140830081975,0.21708210563708477,1.1015592474829403,0.4914952954280908,1.0,1.0736449916168904,0.7335358742308151,1.126380006490881,0.952397223048352,1.1527593913499907,1.1880304402317905,0.698757215253843,1.2502578364964108,0.9740595907728009,0.951631524191675,0.9703252324090187,0.8251274136023193,0.9411849837838229,1.2323295005160915,0.5987798355154177,0.7825958211117435,1.1956681952420538,0.8307320250760443,1.175080255558013,0.5282945483649564,0.38211040640491717,2.512030030508872,0.7655635164252375,1.10930584306841,1.7441620907581634,1.1016104158092594,0.26690515124903447,0.9681502554249657,1.0112715010134166,0.6941588163586223,1.1216545891191436,0.6178604413096952,0.7897409300135791,0.8855767102421437
DG.PA,0.8152839980793769,0.9274160296356923,1.1896821036977636,2.096077260859437,0.8690622903593658,1.0583064047567148,0.9849006836096049,1.0568342377418918,1.2429346845436335,1.159149247722451,0.8923424153543894,0.6644130496042429,-0.0031812890249681963,1.0815014475717917,0.39975633128364896,1.0736449916168904,1.0,0.9015513786415803,0.9529269052100361,1.0235378885069875,0.7878581251600589,0.9164095914414455,0.5186060048343042,1.1618164479718445,0.9656472600049013,0.8176866714266741,0.8852415810447041,1.0070653752848657,0.8921749242057365,1.0024866409233812,0.49966597427031095,0.6719321181154011,0.9016126136392079,0.8704658626038266,1.257114369289174,0.5045602363365764,0.22427482404134583,2.8536670313186496,0.17904293097394253,1.0564009096902205,0.9876013288707226,1.079292667683724,0.12821019937803865,0.9914240420872555,0.9956840000187247,0.6414682622339473,1.1004683517006022,1.0624417516951166,0.6121671783252856,0.7242248180173059
DGE.L,0.8156588190139075,1.0365740833762533,1.0565212485625044,2.3230192460927395,1.255218726149468,0.9040516708545295,0.8671672833217146,1.1790457302518493,1.4382916080522483,0.8098280254963666,0.8431364388509489,0.664014648082391,0.48349033671568514,0.8536626024277346,0.46183582981218174,0.7335358742308151,0.9015513786415803,1.0,1.0344401813315547,1.4217378755490107,1.0733621722176512,1.0763613253842945,0.8788041632194512,1.3037282912386672,1.2191518719643186,1.1936972345616166,1.2037349240279596,1.0165202163492626,1.094311954577832,1.4681863202063543,1.206628440262642,0.722039610219277,1.5139614757186546,1.0457497023650977,1.1528692174649076,1.0582143875794103,0.8473168655034181,1.6833955049455036,0.9627342636333581,0.8876658755896366,0.7128990306207602,1.0218872003382007,0.2214971974795475,0.899684306283491,0.8959900715515614,0.454226803233636,0.9123400691956461,0.9430917330928598,0.9311242998327909,0.7766204614082541
DTE.DE,0.9544150962413243,0.8499367881876121,1.1491971420324156,1.8689183759841548,0.861759680816514,1.2423063733744493,0.9916450539447789,1.1835049925727734,1.3810174089360856,1.1553511390674238,1.077047235091562,0.9146151921334195,0.45510719764236907,1.1343628257204241,0.7501226013603106,1.126380006490881,0.9529269052100361,1.0344401813315547,1.0,0.9624907386503108,1.0577831089535739,1.4177324864105092,0.7976468061984427,1.367470184855431,1.0078371417309522,1.0087644658960073,1.4805409412528525,1.152561903150886,1.1182371544037262,1.0143499036414447,0.8921738993861722,0.8185128067349199,0.9489899417270039,0.968350874748337,1.1604898391117826,1.0548815983740423,0.688991357538152,0.9630939136966928,0.6712435292759472,1.1342889628620025,1.226900799084203,1.1161644653205403,0.5428371650162636,1.1938157153235394,1.1457213744215353,0.8912647388640732,1.112862250926445,0.7704922716944699,0.8340464143907286,1.1486131973261935
ENEL.MI,0.7352218651911077,0.998162691562538,1.1588624667218554,1.391831735858192,0.7689925278378601,1.4380198368125905,0.9450025930174429,1.104265690805296,0.9964545704537429,1.097832500730732,0.8552133725121316,0.4905183758815273,0.21095143723208074,1.1553300376537134,0.6005359860500644,0.952397223048352,1.0235378885069875,1.4217378755490107,0.9624907386503108,1.0,1.0084276760643844,1.0452397739342074,1.011725865436354,1.1817816145130902,1.2322253023593444,0.9599557830906131,1.0102218367927036,1.1364507372866182,1.384715499248719,0.9305889603539398,0.8704281267098307,0.8013528358198392,0.9549007971123841,1.2391223278064647,1.0892693759977987,0.6815237781953799,0.2972023245197756,1.4236968715491733,0.631067119579964,1.438513473533048,0.8287233356415972,0.9008562821092779,0.42929596425998456,1.0203564039538846,0.9220230283642246,0.6466408688106364,1.0835731139297116,1.0379374302510258,0.7824763741795747,0.7396281197686141
GSK.L,0.9159684764425349,1.1937983753180184,1.009370524548578,1.211763388146214,1.0726473654918167,1.3138483490124202,1.1831406298925693,0.9934170937994182,1.1147670582688098,0.9709603791289327,1.0657036960045896,1.0131293983501795,0.9369196669134038,1.1912533223550532,1.3336974045983898,1.1527593913499907,0.7878581251600589,1.0733621722176512,1.0577831089535739,1.0084276760643844,1.0,1.689160894552933,0.9622448023726529,1.4152306203468135,1.2807756169076,1.0225763832447456,0.73303822875271,0.8790932615507722,1.0514664086416088,0.9484980811562567,0.9797720862078096,0.9923747383566153,0.7439915638440259,1.118199679405451,0.5206191293634699,0.8248466836904215,1.2305843554967468,0.6915347980756547,1.026795491979075,0.9129679239134606,1.0193677282543898,0.8709105911960752,1.092283423251712,0.8862504015028415,0.7326530728685136,1.144952616396376,1.2851280761749644,0.276036608883789,0.9180754595591958,1.1990632775247514
HSBA.L,1.0858646279335786,1.2945256707514055,1.447490856578593,26.549188710846366,1.1411703902074295,1.4282701576208072,1.1066148723809175,1.7179909962077222,2.9359986161787126,1.1471957993051567,1.627086749000531,1.0384569250271893,0.5977434871292144,1.037373726753399,0.8802073626762958,1.1880304402317905,0.9164095914414455,1.0763613253842945,1.4177324864105092,1.0452397739342074,1.689160894552933,1.0,1.03372509049654,1.3338264558280373,1.2577130967968297,1.0819930262681765,1.2135113064283236,1.0550421371302112,1.1389430774918259,1.9128205174185964,0.8797685195585393,1.3622343036977564,21.987917773504396,1.0886671335132383,1.6154653406920247,0.7811893185590952,0.796469873752271,4.638503230805414,2.064007424235735,1.4452184191793926,1.7625337259809464,1.2603406272586284,0.6929672974155496,1.2266418099310983,1.0018644223702127,1.1385141611526726,1.165956405042342,1.0439268548964689,0.856874658291726,1.1983455320623078
IBE.MC,0.6845933600370141,0.8472275459548387,0.8782900744993779,1.28351713928371,0.5141229655324339,1.239708153127096,0.8511376128813786,1.0822120808703728,1.144323371304973,0.8928848314279283,0.5648058413304368,0.2912481988326501,0.24619307433135892,0.6357651707928962,0.6147957855794366,0.698757215253843,0.5186060048343042,0.8788041632194512,0.7976468061984427,1.011725865436354,0.9622448023726529,1.03372509049654,1.0,0.7342229603170801,0.8656308215987504,0.7643045301419786,0.7803991532254767,0.9100789515966806,1.0823356939057491,0.5309251731270509,0.8654254338988645,0.8568668928944633,0.7568141912673886,1.1334144704727245,0.6887843976043986,0.573821987093846,0.0771411313729031,0.9228345518835209,0.7949759608793207,1.2870058100827781,0.9061944844668898,0.9893465638232799,0.6428314053119085,0.9086584625953271,0.7411059016902487,0.5425398655134503,0.822626362347722,0.46307186174275455,0.39189200173216315,0.6545025374353964
ISP.MI,0.9735851219119226,1.142822464226765,1.5782656762251595,1.9819706216616033,0.9636591549730115,1.3182483676550876,1.128118724256546,1.6028992587702668,2.5440628997240995,1.2564012065820138,1.0943403834727135,0.8475053143939485,0.1650512205821049,1.2448149967531619,0.4890694929004924,1.2502578364964108,1.1618164479718445,1.3037282912386672,1.367470184855431,1.1817816145130902,1.4152306203468135,1.3338264558280373,0.7342229603170801,1.0,1.3559530818108139,1.0796034169818853,1.4098262557475056,1.0440349692285087,1.2722745571763474,1.2726661636779781,0.49779750052652355,0.6535712444181929,2.861943086576853,1.1377521886593862,2.281923848711659,0.7817731818460932,0.39582118553733836,4.7077811384946004,0.49759004479749774,1.327017202143675,1.2955627879937017,1.4081133345582855,0.24226509644463223,1.265970462490877,1.1737209138646367,0.7185893070435696,1.1982591779862934,1.3562653309387334,0.8697923122695816,0.8166416892389751
KER.PA,1.1615016568838006,1.10828328346884,1.2437719730484582,2.099852196603707,1.270089417102791,1.1690642251032854,0.9735120162810641,1.4075300969938829,1.9911131369451112,1.174243051939002,1.0333143269697254,0.8094619468211949,0.5592616641929494,1.0887403373355697,0.6167274923413625,0.9740595907728009,0.9656472600049013,1.2191518719643186,1.0078371417309522,1.2322253023593444,1.2807756169076,1.2577130967968297,0.8656308215987504,1.3559530818108139,1.0,1.2884673474552477,1.392862373537313,1.057438066953377,0.9970746166612154,1.0383693264099436,0.8847800554339739,0.4015969985148206,1.5659466578606211,1.156125059730092,1.6560085733653618,1.1150253034496551,0.6605651882075769,3.0962568428219472,0.46028645620594427,1.1281416988179571,0.8355252364450354,1.3209452723934751,0.45611681048584446,1.2059530634842013,1.2281888807923964,0.7138667701749049,1.206243862848856,1.0888912251871914,0.7270704131653152,0.6773370659261121
LIN.DE,1.0306102293379427,1.1654606723290468,1.297109641874146,1.7404761559942385,1.071267793265173,1.2864700664206565,0.9089589052213002,1.2745073853875464,1.4289292787909316,0.8006693164845889,0.7725394469283726,0.7419565910778552,0.5982963547631516,0.9309213936669878,0.5667539895598468,0.951631524191675,0.8176866714266741,1.1936972345616166,1.0087644658960073,0.9599557830906131,1.0225763832447456,1.0819930262681765,0.7643045301419786,1.0796034169818853,1.2884673474552477,1.0,1.1505315145952397,0.8503065164589992,1.110073709467089,1.0026413010432471,0.7754831791083713,0.5493668205478895,1.5102934082625712,1.0851565893832291,1.310114360166519,0.9129711007987372,0.6378242053996941,1.915497961930309,0.7589536958700224,1.1565027418828713,0.7321239123963603,1.1224474497563979,0.2819587918492291,1.0864025965739073,1.061649962253913,0.6507321529838023,0.9875691398290253,0.47910305348686144,0.5118432282503169,0.794745392654959
LOR.F,1.2944639247976744,1.1301537584340362,1.21193905962075,1.8633902101509983,0.9766915488640305,1.6462332067896623,1.1351197613564232,1.5278961629459875,0.8501921523972044,1.3298189133585205,0.43243689726459716,0.8158412324473218,0.5273327603152517,1.209893510042194,0.3385509680617757,0.9703252324090187,0.8852415810447041,1.2037349240279596,1.4805409412528525,1.0102218367927036,0.73303822875271,1.2135113064283236,0.7803991532254767,1.4098262557475056,1.392862373537313,1.1505315145952397,1.0,1.1837094558274441,1.1537905013188632,1.1202337049135538,0.5951124525093436,0.48747160043467447,1.319463965806812,1.2119131165995518,1.417932375570501,1.2423433639499908,0.6319832651018221,1.0133992831293144,0.7944670522647204,1.3909362798237677,0.5965802966725005,1.422205934115962,0.2068144494674617,1.3603653813537233,1.3395201515906705,0.5544964847457242,1.1299073012820062,0.6240600797176601,0.8694388248944562,0.8918047089081435
MBG.DE,0.7042506088131232,0.9035765759036934,1.2689615600322262,2.6327044869691676,0.7607444997968266,1.195404221108022,0.8382900870782168,1.2000107041118044,1.3078695453266775,0.9715564956028094,0.9891868330132787,0.39615875514839605,0.05915739956557699,0.9052628662223781,0.5326056935101126,0.8251274136023193,1.0070653752848657,1.0165202163492626,1.152561903150886,1.1364507372866182,0.8790932615507722,1.0550421371302112,0.9100789515966806,1.0440349692285087,1.057438066953377,0.8503065164589992,1.1837094558274441,1.0,0.8543786058049688,1.3705232485581162,0.860759855671332,0.6585055584182808,0.7105575263280851,0.7838326750030422,1.1293022491191829,0.8259729315016071,0.20374413964457552,4.373136011842479,0.34086381623175566,1.0893834451395616,0.8658908561918832,0.983914286226316,0.3081598157411192,0.9340077814716908,0.8345825673107423,0.5660880357575001,0.9152305321676588,1.1869478075777882,0.6614199202839603,0.6743489376251006
MOH.F,0.9720991058631,1.1110376456638,1.2020504128690745,1.8044770238665488,1.0517687589424765,1.2414994095928746,0.9586905903075489,1.1403658398494698,1.3874330336215261,1.2521599657159657,1.2817904873616541,0.9394004128289302,0.42067533505111465,0.963857308078655,0.3949355173694879,0.9411849837838229,0.8921749242057365,1.094311954577832,1.1182371544037262,1.384715499248719,1.0514664086416088,1.1389430774918259,1.0823356939057491,1.2722745571763474,0.9970746166612154,1.110073709467089,1.1537905013188632,0.8543786058049688,1.0,0.862243785761916,0.7830829555136469,0.8313607316969108,1.163901908969466,1.1664439543017697,1.3233744859536254,1.003734083931171,0.593865979176465,2.6314555959360306,0.794832576594182,1.2081668254925322,0.7413174365315345,1.0190998427824038,0.36666094083843054,1.0195610115220517,1.0951351750439589,0.7387535264030444,1.1121274612938783,0.9200074880519343,0.8176977030836023,0.7024761299658827
NESN.SW,0.5933370804759391,1.0652301453130384,0.8904972800978905,0.9729278796758202,0.9125164574613809,1.2937975276558578,1.2056619330984715,1.2675164803418189,1.037534900647118,0.9846117105154333,0.8343573445949858,0.7520051727106175,0.311613961513339,1.2521025680603288,0.3776445980209156,1.2323295005160915,1.0024866409233812,1.4681863202063543,1.0143499036414447,0.9305889603539398,0.9484980811562567,1.9128205174185964,0.5309251731270509,1.2726661636779781,1.0383693264099436,1.0026413010432471,1.1202337049135538,1.3705232485581162,0.862243785761916,1.0,1.0698954051989376,0.4525239163936874,0.9000187393206618,1.2012478449485557,1.0069551512775836,1.2322669851069066,0.9647404974814106,1.034224428672825,0.6566575911074204,1.2186657642550194,0.5294958034077986,1.1329090553004932,-0.07255931037195001,1.001178825412889,0.8083940511153336,0.6306050783373579,0.8070557697372222,0.43437584336539437,0.9780060937278059,1.0008040290929596
NG.L,0.32847991328228604,1.173037404808566,0.4600654017055121,0.7452698530403306,1.006015705170527,0.5875592479253565,0.6313776929630166,0.9522513530885784,1.197126108030847,0.34826404285723594,0.8283911568460683,0.5229249256646866,0.6404773584878999,0.12426628791395487,0.9217608494179169,0.5987798355154177,0.49966597427031095,1.206628440262642,0.8921738993861722,0.8704281267098307,0.9797720862078096,0.8797685195585393,0.8654254338988645,0.49779750052652355,0.8847800554339739,0.7754831791083713,0.5951124525093436,0.860759855671332,0.7830829555136469,1.0698954051989376,1.0,0.7899198954239415,0.6775113086923292,0.7340991098292627,-0.4614947018848438,0.9619950866260939,0.9021455300077527,0.7818884288048285,1.1883623060427257,0.6261319125741995,0.8367687508561873,0.5748788316901962,0.904236160858387,0.45857961909867095,0.41782810119429753,0.5317738239804709,0.5317470648062655,0.6433318961156681,0.7919973862296478,0.7342264865057183
NOVN.SW,0.6524372345785509,0.6921344639643487,0.7311209472899762,0.5832224445871023,0.605976147007394,0.9782052495887924,0.860499412290891,0.4405587397013844,1.0492949686014887,0.5916442157556302,0.6197033520139263,0.8767880706913452,0.43049029024288826,0.7637434149582782,0.9886276881897791,0.7825958211117435,0.6719321181154011,0.722039610219277,0.8185128067349199,0.8013528358198392,0.9923747383566153,1.3622343036977564,0.8568668928944633,0.6535712444181929,0.4015969985148206,0.5493668205478895,0.48747160043467447,0.6585055584182808,0.8313607316969108,0.4525239163936874,0.7899198954239415,1.0,0.5523682756719421,0.7414754794520397,0.29397337590492695,0.2812048589663517,0.6162444999238177,0.17414833989938636,0.742296815320617,0.9915313440431898,0.8107243912593982,0.6941648291252221,0.884633866597344,0.5914217223736901,0.5309869592939489,0.8730641975401227,0.9188502359970576,0.06688598279696005,0.3600792855874336,0.8451943187207771
NOVO-B.CO,1.4688118730767608,2.0716403582572642,1.0845616943264311,0.8599172037370599,1.1290780416684925,1.575934421156793,1.7312637340531516,0.9783842151485302,0.943841597177155,1.0638793980465358,-0.27962289368878074,1.308768049780389,1.6054242828444762,-22.728303350914487,0.07886748742303677,1.1956681952420538,0.9016126136392079,1.5139614757186546,0.9489899417270039,0.9549007971123841,0.7439915638440259,21.987917773504396,0.7568141912673886,2.861943086576853,1.5659466578606211,1.5102934082625712,1.319463965806812,0.7105575263280851,1.163901908969466,0.9000187393206618,0.6775113086923292,0.5523682756719421,1.0,1.2863145342045277,1.0136297797865272,0.9874122069805018,1.9914027894943052,0.6002749018631447,1.0148242449614342,1.614265261032726,0.647611132581614,1.0130764290335272,-0.630824983828119,1.2731130961179957,1.282553921425361,-0.204847546826792,2.3935734981337187,0.13075982335868253,0.7819621433337614,1.2125976079018168
PRU.L,0.9014106097272094,1.0538688241902407,1.2728748652829747,2.142871530883617,1.0553003218501915,1.0635078329744394,0.8767959131654302,1.435002228603799,2.014450434758899,1.0441001254710691,0.9011598089597868,0.6611440477503664,0.7596165584406449,0.9560754376716167,0.5922280680832891,0.8307320250760443,0.8704658626038266,1.0457497023650977,0.968350874748337,1.2391223278064647,1.118199679405451,1.0886671335132383,1.1334144704727245,1.1377521886593862,1.156125059730092,1.0851565893832291,1.2119131165995518,0.7838326750030422,1.1664439543017697,1.2012478449485557,0.7340991098292627,0.7414754794520397,1.2863145342045277,1.0,1.3334500094782826,0.8409644521075859,0.828717268852669,2.3327272366641956,0.5941323419227494,1.094187497347299,0.8596865191573538,1.2463095766842058,0.41848397380784347,0.9636498309234081,1.0053025543766578,0.6807320107166815,0.9438624886943351,0.8244599375802865,0.5783514272667792,0.690498024758091
PRX.AS,1.2668910683568506,1.2344566694310979,1.8195367431197214,1.1777324752210425,0.9459455891435035,1.9043708102286676,1.4728221559710235,1.214053053394883,0.572832743043244,1.9279702129062903,0.9659192022100795,1.1849623958711029,0.7542500317222924,2.4382459178156553,0.6928754000151788,1.175080255558013,1.257114369289174,1.1528692174649076,1.1604898391117826,1.0892693759977987,0.5206191293634699,1.6154653406920247,0.6887843976043986,2.281923848711659,1.6560085733653618,1.310114360166519,1.417932375570501,1.1293022491191829,1.3233744859536254,1.0069551512775836,-0.4614947018848438,0.29397337590492695,1.0136297797865272,1.3334500094782826,1.0,0.5937479619436358,1.0532459808522032,0.8108625693418526,0.27763414365004985,1.8001547610203836,0.7501890742800458,1.4760026284052958,0.24862789534771457,1.4424979516259944,1.4073276095729745,0.8586680290575038,1.8038925999420419,0.5431289745820584,0.32186293003720784,0.815444315414221
REL.L,0.8170598609108054,0.8678972553298109,0.6378680629948592,2.169434716187098,1.0590881778008676,0.8448842236867445,0.5039483768755784,1.178880555794362,1.0630731157955697,0.5533965308788426,0.728802018682077,0.643025630425806,0.6596841998854229,0.5726175665513166,0.34653386841142275,0.5282945483649564,0.5045602363365764,1.0582143875794103,1.0548815983740423,0.6815237781953799,0.8248466836904215,0.7811893185590952,0.573821987093846,0.7817731818460932,1.1150253034496551,0.9129711007987372,1.2423433639499908,0.8259729315016071,1.003734083931171,1.2322669851069066,0.9619950866260939,0.2812048589663517,0.9874122069805018,0.8409644521075859,0.5937479619436358,1.0,0.7070835907321837,1.1684503591599036,0.9467308170185011,0.754827653211549,0.3477823825204383,0.9262788284306024,0.38442501431219217,0.7392927598599988,0.707300331420236,0.42963703278599125,0.5080594128039558,0.6145477600391731,0.9444175334383557,0.5438673792282096
RIO.L,0.6456629299250902,0.4678329386771672,0.6382066384387701,0.9878520450849443,0.8309944211078293,0.7119939800735203,0.4553285832015985,0.7335077309610822,1.7752470929280384,0.20699494138888627,0.8478399755913283,0.4063956959063937,0.9958149970932386,0.24945332669105422,0.9319632951580116,0.38211040640491717,0.22427482404134583,0.8473168655034181,0.688991357538152,0.2972023245197756,1.2305843554967468,0.796469873752271,0.0771411313729031,0.39582118553733836,0.6605651882075769,0.6378242053996941,0.6319832651018221,0.20374413964457552,0.593865979176465,0.9647404974814106,0.9021455300077527,0.6162444999238177,1.9914027894943052,0.828717268852669,1.0532459808522032,0.7070835907321837,1.0,-0.029245963737821006,1.0566882461312634,0.5290065575754338,0.8438938070067102,0.5034705721854812,0.950350690938049,0.4238348843491913,0.42941274400293744,0.9067278472178358,0.6597444123851255,0.031246868422950255,0.5162260865462232,0.5236116885263721
RKT.L,1.2916419153914263,2.768983497736853,2.448595873180643,1.4786662682774248,0.9885367237608108,-31.92251052349816,2.4866395830579267,3.8141410350678333,0.5488110133724384,5.124944994968155,0.8635998749237607,0.4237022022887361,-0.21546311573347027,-414.23019615505734,-0.3201349847018723,2.512030030508872,2.8536670313186496,1.6833955049455036,0.9630939136966928,1.4236968715491733,0.6915347980756547,4.638503230805414,0.9228345518835209,4.7077811384946004,3.0962568428219472,1.915497961930309,1.0133992831293144,4.373136011842479,2.6314555959360306,1.034224428672825,0.7818884288048285,0.17414833989938636,0.6002749018631447,2.3327272366641956,0.8108625693418526,1.1684503591599036,-0.029245963737821006,1.0,0.2226921135125357,12.235037093316837,0.6049671067669808,1.036457653791539,-2.4771642906171607,3.121723886785861,1.3907112451332033,0.0929107365414419,2.9749506125775294,0.6736501065177294,0.8836473895560639,1.277144226398046
ROG.SW,0.7269405283849968,0.6028213421778719,0.26675413871023274,0.9463846516646921,0.7489294422324322,0.8137694991241176,0.2138752520195965,0.5494345810358782,1.1266187408671633,0.17120673752266716,0.5202606335907032,1.285933989190804,0.7042639371651953,0.21549747862860047,0.5257106532934799,0.7655635164252375,0.17904293097394253,0.9627342636333581,0.6712435292759472,0.631067119579964,1.026795491979075,2.064007424235735,0.7949759608793207,0.49759004479749774,0.46028645620594427,0.7589536958700224,0.7944670522647204,0.34086381623175566,0.794832576594182,0.6566575911074204,1.1883623060427257,0.742296815320617,1.0148242449614342,0.5941323419227494,0.27763414365004985,0.9467308170185011,1.0566882461312634,0.2226921135125357,1.0,0.914958508716697,0.7054461090569878,0.7880457822195392,0.652018130003638,0.6522049880677607,0.621498422547058,0.3025338229431435,0.7871729745840307,0.0400881855776199,0.5706893856426218,0.6462190855802187
SAF.PA,1.0777874745759004,1.0835220574225204,1.215327685966016,2.269921840099671,1.2453630447344683,1.035761615737621,0.9853482277629105,1.4708425552354631,2.271199571311562,1.3294798294256323,0.8659923235668195,0.9342505543724409,0.3901258120410076,1.0325546010762485,0.5042849206683424,1.10930584306841,1.0564009096902205,0.8876658755896366,1.1342889628620025,1.438513473533048,0.9129679239134606,1.4452184191793926,1.2870058100827781,1.327017202143675,1.1281416988179571,1.1565027418828713,1.3909362798237677,1.0893834451395616,1.2081668254925322,1.2186657642550194,0.6261319125741995,0.9915313440431898,1.614265261032726,1.094187497347299,1.8001547610203836,0.754827653211549,0.5290065575754338,12.235037093316837,0.914958508716697,1.0,1.3027741827591783,1.5794052500805975,0.420491740016351,1.2254376054008493,1.2426649490436654,0.7106721703651233,1.3354300135698047,1.4098727063478271,0.7486848081489936,0.7829698690915229
SAN.PA,0.8231343789792633,1.1220528006275734,1.0220795927071449,0.5088293701445945,0.7594238751581829,1.7256681201117288,1.3523719672688435,0.5047052246615198,0.9846083466338151,0.8600871376978503,0.8170268566280283,0.8883503792986244,0.6706480329050057,1.481633221067079,1.3667803129021536,1.7441620907581634,0.9876013288707226,0.7128990306207602,1.226900799084203,0.8287233356415972,1.0193677282543898,1.7625337259809464,0.9061944844668898,1.2955627879937017,0.8355252364450354,0.7321239123963603,0.5965802966725005,0.8658908561918832,0.7413174365315345,0.5294958034077986,0.8367687508561873,0.8107243912593982,0.647611132581614,0.8596865191573538,0.7501890742800458,0.3477823825204383,0.8438938070067102,0.6049671067669808,0.7054461090569878,1.3027741827591783,1.0,0.7605421276225597,1.0351444716255693,0.9788332190465286,0.710472113677494,1.3230672538592465,1.2431503753841662,0.3535706003857404,0.7122776126620699,1.2925449324507925
SAP.DE,1.1972682006936801,1.346621047254196,1.3105249807669483,1.2770157528337647,0.9618319308224965,1.6433417103737333,1.1065993309540254,1.3405606700553927,1.2012669350520857,0.9440381707958045,0.5597542587078936,1.048197271951529,0.5125742078606643,1.2750658591463688,0.8699539575715858,1.1016104158092594,1.079292667683724,1.0218872003382007,1.1161644653205403,0.9008562821092779,0.8709105911960752,1.2603406272586284,0.9893465638232799,1.4081133345582855,1.3209452723934751,1.1224474497563979,1.422205934115962,0.983914286226316,1.0190998427824038,1.1329090553004932,0.5748788316901962,0.6941648291252221,1.0130764290335272,1.2463095766842058,1.4760026284052958,0.9262788284306024,0.5034705721854812,1.036457653791539,0.7880457822195392,1.5794052500805975,0.7605421276225597,1.0,0.6683041197265827,1.2096054315811324,1.1834883113189212,0.9508960089541271,1.4134536360512426,0.4011377319829349,0.44477810401370677,0.8162443379414872
